1000
8.44188e+08 2.75681e+08
-8.04208e+08 -4.78178e+08
-6.44141e+08 2.40107e+08
-6.91221e+08 -1.18305e+08
1.04881e+08 -5.44259e+08
-5.45687e+08 -4.66108e+08
7.94115e+08 1.29254e+08
-7.48378e+08 -5.89977e+08
8.73689e+08 -2.53788e+08
-2.99226e+08 -6.00126e+07
-2.11678e+08 -3.23437e+08
-2.6704e+08 7.32917e+08
3.89456e+08 -9.64463e+08
9.16291e+08 6.47144e+08
8.42119e+08 -5.18608e+08
3.76926e+08 9.53524e+08
-7.45826e+08 4.93376e+08
-5.14938e+08 2.00404e+07
-4.95054e+08 2.98063e+08
3.75179e+08 -9.14768e+08
9.84745e+07 2.86398e+08
1.40847e+08 -4.52645e+08
-5.58351e+08 -6.92835e+08
5.19746e+08 5.85437e+08
1.00675e+08 6.46512e+07
-2.77787e+08 -8.483e+08
9.68061e+08 7.39696e+08
-5.89002e+08 -1.50295e+08
3.05029e+08 1.05292e+08
-4.976e+08 -3.51895e+08
5.76329e+08 -6.75099e+08
-8.36838e+08 2.63694e+07
-5.5734e+08 -5.35367e+08
5.18333e+07 -2.9329e+06
8.55917e+08 6.89856e+06
-6.07252e+08 -9.45844e+08
-8.31644e+08 -1.60285e+08
3.42428e+07 2.92981e+08
-5.75865e+07 3.16398e+08
-9.98566e+08 -9.70438e+08
6.05467e+08 2.27404e+08
5.11476e+08 -2.43193e+08
2.01867e+08 -6.16603e+07
4.50632e+08 -8.04681e+08
-7.65017e+08 6.26447e+08
-7.89255e+08 9.29022e+08
4.25279e+08 4.7989e+07
7.72236e+08 7.2666e+08
5.50854e+08 5.94586e+08
5.62981e+08 1.39412e+08
4.53702e+08 -8.57008e+07
6.04432e+08 4.87062e+08
7.32583e+08 8.5498e+08
-9.72725e+08 -3.91571e+07
8.34304e+08 -6.6013e+08
-9.21555e+08 -1.39709e+08
-1.37493e+08 6.23902e+07
-5.87053e+07 3.95988e+08
8.36448e+07 8.46809e+07
3.34427e+08 4.47802e+07
-8.75738e+08 6.22518e+08
-4.27093e+08 8.03301e+08
2.84467e+08 5.27737e+08
-3.74978e+08 -6.87803e+08
3.02934e+08 -3.25838e+08
-1.39529e+08 6.98673e+08
-9.55337e+08 5.88611e+08
8.48584e+08 1.25004e+07
-7.11642e+08 -2.07531e+08
-7.0205e+08 -7.5451e+08
9.27826e+08 -3.93157e+08
-4.6664e+08 5.42184e+08
5.664e+07 7.45981e+08
9.99708e+08 -8.3943e+08
-7.13843e+08 8.86206e+08
-5.77397e+08 -9.1014e+08
7.20724e+08 -8.52852e+08
9.23683e+08 5.20558e+08
-1.91155e+08 -8.69763e+08
4.23229e+08 1.39668e+08
-6.97229e+08 2.54682e+08
3.14602e+08 8.90838e+08
-8.43296e+07 2.49768e+07
8.17077e+08 -5.07195e+08
-4.73307e+08 8.60222e+08
-2.53102e+08 5.43264e+08
-3.20314e+08 -5.63744e+08
-3.82362e+08 1.39314e+07
-5.56438e+08 4.60005e+08
-8.50157e+08 1.0663e+08
1.53313e+08 -3.68658e+08
-9.11064e+08 2.46201e+07
-8.72349e+08 6.96126e+08
8.9874e+08 -4.70084e+08
-7.97252e+08 -4.26548e+08
-6.06707e+08 -9.82192e+08
7.82603e+08 5.78031e+08
-3.94244e+08 2.89654e+08
9.40821e+08 5.7111e+08
4.97946e+08 2.15248e+08
-2.60119e+08 1.6928e+08
-6.85437e+08 -9.24472e+08
-2.14495e+08 -6.9174e+08
-6.94515e+08 -4.03396e+07
-6.46129e+08 -6.00242e+08
1.50278e+08 -8.58743e+07
4.36238e+08 -7.38999e+07
-3.85387e+08 2.71736e+08
-3.47444e+07 9.55166e+08
-5.04465e+08 3.50116e+08
9.74741e+08 8.51987e+08
-4.94866e+08 4.38938e+08
-2.26923e+08 5.1898e+08
-7.48585e+08 9.46192e+08
-7.01003e+08 3.99072e+08
-3.08972e+08 -6.26126e+08
-2.18291e+08 9.4272e+08
-7.70465e+08 -9.33813e+08
5.92234e+08 6.39991e+08
-2.84103e+07 9.21864e+08
2.55434e+08 1.81996e+08
6.65887e+08 -9.97768e+08
-6.066e+08 -4.25717e+08
-1.06526e+08 -7.52409e+08
7.19449e+08 4.31244e+08
5.41993e+08 -8.17759e+08
2.92446e+06 -7.60549e+08
-4.51919e+08 8.41095e+08
5.45255e+08 5.44114e+08
5.06173e+08 -1.90713e+08
-8.26089e+08 8.61754e+08
3.88788e+08 5.56483e+08
5.83229e+08 6.46682e+08
-2.35316e+08 8.69562e+08
-6.08237e+07 -5.68081e+08
2.92498e+07 2.87994e+08
-3.61161e+08 -7.86387e+08
-8.627e+07 -2.44015e+07
5.42811e+08 -8.55154e+08
3.4086e+08 -7.0402e+08
3.6223e+08 -3.16034e+08
6.90172e+08 -8.72575e+07
-5.32583e+08 5.25049e+08
9.57309e+08 2.67287e+08
-7.31144e+08 -5.91253e+08
-2.40677e+08 -6.84431e+06
-9.59717e+08 -3.65917e+07
-5.02302e+07 -1.28234e+08
-3.82684e+08 9.13883e+08
3.3201e+08 5.75257e+08
3.11905e+07 -2.67706e+08
-2.57574e+08 -4.53233e+08
9.39265e+07 7.08274e+08
-9.21595e+08 5.02596e+08
5.67528e+08 -2.10552e+08
4.87589e+08 -2.21426e+08
-3.69226e+08 -5.29035e+08
6.07583e+08 -9.41838e+08
-5.21805e+08 -3.97279e+08
2.15262e+08 -1.48365e+08
3.26123e+08 -7.13877e+08
-3.13092e+08 5.86204e+07
2.45131e+08 -4.60799e+08
-4.7766e+08 -9.07232e+08
6.45421e+08 -9.44107e+08
-2.78731e+08 -6.40187e+08
3.5353e+06 9.61298e+08
-1.58029e+08 1.71256e+08
1.82342e+08 -8.86002e+08
4.42275e+08 5.52842e+08
4.67525e+08 -7.06514e+08
-9.22396e+07 -2.05681e+08
-2.28481e+08 -8.63414e+08
5.80609e+08 -9.90142e+08
-6.73473e+08 3.93655e+08
-5.45137e+08 6.94035e+08
2.03251e+08 5.06521e+08
-5.48382e+08 5.02762e+08
6.72106e+08 8.40347e+07
-9.45199e+08 -3.40054e+08
1.82285e+08 8.76187e+08
-5.64992e+08 -9.12569e+08
1.91971e+08 8.2018e+07
-1.87013e+08 9.07126e+08
-8.31424e+08 9.02205e+08
-9.30021e+08 7.78888e+07
8.91272e+08 -7.64922e+07
-7.79505e+08 9.37376e+08
-9.68214e+07 6.31222e+08
3.63156e+08 -1.88422e+08
9.64817e+08 3.14282e+08
5.14942e+08 -9.56662e+08
2.18345e+08 8.9038e+08
-5.15974e+08 -4.99404e+08
7.0039e+08 8.9064e+08
-2.5741e+08 3.5151e+08
8.31294e+08 -8.09753e+08
-3.0116e+07 5.61577e+08
2.96994e+08 -7.46976e+08
7.20053e+08 2.36146e+08
9.0132e+08 2.03605e+08
6.2917e+08 9.74767e+08
5.74903e+08 -1.72399e+07
1.76945e+08 1.46494e+08
-9.01087e+08 -2.29417e+08
-1.55448e+08 -7.40737e+08
-9.17387e+08 -9.90505e+08
-2.8639e+08 -5.14936e+08
1.10771e+08 8.47869e+08
-9.21905e+08 -1.29468e+08
3.35291e+08 -8.31585e+08
2.2394e+08 -2.61802e+08
5.30541e+08 -5.0477e+08
-7.5301e+08 -7.85915e+08
-1.04706e+07 1.24131e+08
-5.62433e+08 1.01599e+08
4.35705e+08 -5.00394e+08
-9.7967e+08 6.62133e+08
6.87356e+08 -2.44639e+08
8.76488e+08 6.53593e+08
-3.65253e+08 1.96385e+08
-1.91757e+08 -7.66266e+08
-1.75037e+08 6.87317e+08
4.62177e+07 2.16803e+08
-2.80252e+08 -6.48394e+08
1.40078e+08 1.03556e+08
9.12259e+08 -9.81283e+08
7.9631e+08 8.51694e+08
-5.18752e+08 -9.08646e+08
6.9772e+08 -6.62048e+08
-2.06232e+08 -9.36035e+07
-3.50002e+08 -1.46945e+08
-3.77506e+08 5.04466e+07
-9.19966e+08 1.81938e+08
-6.94226e+08 9.52805e+08
2.91217e+08 -9.84161e+08
-9.21862e+08 -4.60538e+08
5.27873e+08 -8.15471e+08
3.24135e+08 1.03151e+08
-1.26935e+08 -6.45326e+08
-9.34561e+08 2.47397e+07
2.92186e+07 -9.702e+08
2.85151e+08 -2.77258e+08
-3.73853e+07 -8.1827e+07
3.95181e+08 1.24904e+07
-2.59896e+08 -6.07006e+08
-9.40238e+08 -5.47638e+08
2.4362e+08 -4.83719e+08
3.57389e+08 8.75181e+08
-4.86865e+08 5.47666e+08
3.12317e+08 -2.00829e+08
4.12655e+08 -4.40653e+08
-4.01242e+08 -1.99016e+08
-1.52597e+08 1.04575e+08
-2.33237e+08 7.10968e+08
2.65878e+08 8.27818e+08
-2.6745e+08 9.69337e+08
4.22619e+08 5.36487e+08
1.56161e+08 7.58385e+08
-8.04156e+08 5.59646e+08
3.04184e+08 6.81983e+08
7.58415e+08 -7.02432e+07
9.24816e+08 6.2795e+08
7.38175e+08 -9.74245e+08
8.95029e+08 -4.90703e+08
2.60474e+08 -8.68017e+07
2.23583e+08 1.62037e+08
5.42578e+08 1.03097e+08
1.19875e+08 1.83548e+08
-5.63173e+08 3.66979e+08
9.6612e+08 8.52236e+08
-5.30072e+08 9.55282e+08
6.60296e+08 9.33303e+08
9.49406e+08 -6.85369e+07
2.53351e+08 -4.67421e+08
-5.82721e+08 -1.03186e+08
-4.98757e+08 7.05219e+08
-8.83072e+08 -4.21693e+08
-6.44697e+08 -8.02844e+08
1.95972e+07 7.09599e+08
-1.28575e+08 -4.69394e+08
7.64313e+08 8.42253e+08
1.15973e+07 3.1625e+08
-8.77003e+08 -3.17189e+08
-2.2074e+08 1.0946e+07
6.97297e+08 6.19133e+08
-9.80445e+08 -6.89258e+08
-2.45678e+08 2.40349e+07
2.13978e+08 -7.11204e+08
3.92582e+08 7.81558e+08
-5.52564e+08 7.9771e+07
9.7953e+08 2.88257e+08
-8.13492e+08 5.4671e+08
1.57473e+07 -7.75971e+08
3.03059e+07 5.10479e+08
-7.65716e+08 -2.87488e+08
-8.35207e+08 -6.97006e+08
-8.95006e+08 -5.47714e+08
-9.15354e+07 5.82842e+08
3.72602e+08 1.75077e+08
9.73188e+08 -7.26106e+07
8.3029e+08 -3.2672e+08
-1.47038e+08 -2.05464e+08
1.93639e+08 8.64113e+08
5.35555e+08 6.67891e+08
5.84211e+08 9.03801e+08
-7.71575e+08 6.28795e+08
3.44546e+08 -9.34524e+08
-2.02305e+08 -3.63099e+08
-7.93614e+08 -3.80295e+08
-7.75218e+08 -9.9228e+08
7.75199e+08 -6.86314e+08
-2.43229e+07 -8.89185e+08
6.23806e+08 5.12147e+08
6.39514e+08 4.2967e+08
7.0081e+08 -4.0535e+08
-4.54729e+08 -9.15698e+08
9.4296e+08 -3.87954e+08
-5.45152e+08 -8.63494e+08
-1.40353e+08 6.17216e+08
-3.60815e+08 5.6074e+08
5.47777e+08 8.73034e+08
-4.86374e+08 1.70092e+08
8.58885e+08 -5.30309e+08
-7.30336e+08 -2.39101e+08
8.20819e+08 4.99074e+08
-9.25045e+08 5.46524e+08
-9.63373e+07 3.32641e+08
4.20966e+08 1.05969e+08
3.93357e+08 2.70628e+08
3.62671e+08 -7.92197e+08
5.14875e+08 -1.8088e+07
-6.22436e+08 -3.76904e+08
2.41067e+08 9.27816e+08
-6.23838e+08 7.90585e+08
2.93551e+08 -5.0403e+06
-2.5961e+08 -6.92114e+08
-7.58707e+08 -7.3813e+08
-5.43734e+08 7.05268e+08
-5.09768e+08 -2.8703e+08
8.63906e+08 -3.9409e+07
1.84176e+08 6.57469e+08
-7.14288e+08 6.74462e+07
-8.02388e+08 8.55653e+07
1.88757e+08 9.21787e+07
-2.71431e+08 6.96877e+08
-3.80732e+08 5.27855e+08
-1.03036e+08 6.10842e+08
5.83075e+08 6.418e+08
3.81742e+08 5.15924e+08
5.59496e+08 5.02693e+08
-2.1584e+08 -6.05117e+08
9.40262e+08 -4.8738e+08
9.6075e+08 -7.95632e+08
6.53949e+08 -5.76964e+08
6.61896e+08 -8.6163e+08
7.33406e+08 -1.63273e+08
8.4965e+08 2.84559e+08
3.27263e+07 1.34481e+08
7.29113e+07 -7.2646e+08
3.43137e+08 -6.42566e+08
6.76351e+08 -8.74186e+08
9.08802e+08 -7.02083e+08
-6.89054e+08 -8.59822e+08
-7.00369e+08 1.47987e+08
-2.86192e+08 8.6768e+08
-2.67346e+08 8.52283e+08
-8.82865e+08 -5.6012e+08
6.85356e+08 -6.72654e+08
-4.79495e+08 -2.57565e+08
1.68397e+08 -2.15378e+08
-4.63654e+08 -2.61116e+07
6.37182e+07 9.24821e+08
3.51909e+08 -6.15654e+08
5.22661e+08 9.62284e+08
-6.9857e+08 -6.75496e+08
-7.70638e+08 -4.18477e+08
3.91948e+08 -3.34446e+08
-8.09087e+08 2.59804e+08
5.50276e+08 -1.89917e+08
3.33634e+08 1.78062e+08
2.87288e+08 -1.56236e+08
-4.5801e+07 6.29899e+08
1.74244e+08 -8.11424e+08
-9.40293e+08 2.25032e+07
8.93197e+07 6.32336e+08
4.60874e+08 -5.49234e+08
5.87194e+08 2.58231e+08
-5.33458e+08 3.17468e+07
-5.19945e+08 4.43446e+08
-3.96269e+08 -6.51116e+06
7.96393e+08 9.74723e+08
9.15797e+08 5.40933e+08
-7.27593e+08 -6.41058e+07
9.36571e+08 -2.93981e+08
-6.81007e+08 -6.17375e+08
9.86966e+07 -9.56596e+08
5.40523e+08 -2.14862e+08
-5.53284e+08 -4.16807e+08
6.06288e+08 -9.25638e+08
5.42642e+08 5.24594e+08
-8.36918e+08 6.62073e+08
-6.55916e+08 -7.27135e+08
-6.67198e+08 -9.94484e+08
6.69134e+07 -2.62048e+08
-7.13494e+08 7.37457e+08
1.24033e+07 -3.02584e+08
6.54412e+07 6.18424e+08
-6.5813e+08 7.31353e+08
1.7089e+08 2.31064e+08
1.77084e+08 -5.57362e+08
-6.30523e+08 -4.52954e+07
-2.87315e+08 -5.18327e+08
1.62539e+08 7.12369e+08
1.13795e+08 8.13046e+08
4.3359e+08 8.00875e+08
-5.96579e+08 1.74673e+08
-2.90644e+08 4.8741e+08
-1.00241e+08 -1.75638e+08
-7.14042e+08 -2.90891e+08
3.35607e+08 1.75451e+07
3.82638e+07 2.96332e+08
-4.48325e+08 -5.58507e+08
9.35517e+08 -7.24337e+08
-8.38004e+08 4.07301e+08
2.94251e+08 -2.58053e+08
-8.46428e+08 -4.4094e+08
-8.75551e+08 9.78243e+08
3.90815e+08 -1.36214e+08
8.3946e+08 1.30892e+08
4.2255e+08 1.35395e+07
6.52956e+08 9.64893e+08
-1.75744e+08 -7.05405e+08
-1.96311e+08 5.95424e+08
-9.99627e+08 9.0919e+08
3.25029e+08 -3.78704e+08
-2.03573e+07 -4.71855e+08
-1.28137e+08 2.76438e+08
3.48155e+08 -3.54453e+08
-9.54068e+08 -2.45611e+08
-2.49244e+08 -1.75951e+08
9.31451e+08 9.40194e+08
-7.02572e+08 8.26865e+08
9.56919e+08 -4.86705e+08
4.82048e+08 -6.4909e+08
-5.60687e+07 2.14409e+08
-6.40823e+08 9.43682e+07
4.77663e+08 3.34836e+08
2.61493e+08 -7.59136e+08
9.12779e+08 -7.18166e+08
2.24476e+08 -7.40937e+08
7.94067e+07 7.34867e+08
2.60571e+08 8.17173e+08
3.17089e+08 -8.92006e+07
-6.62755e+07 -5.76725e+08
9.07722e+08 -3.78148e+08
-2.00108e+08 -9.40421e+08
-2.23988e+08 -7.66588e+08
-6.17149e+08 5.79077e+08
-5.56199e+07 6.75478e+08
-3.54302e+08 -2.33608e+08
6.64269e+08 -8.64737e+08
6.40845e+08 -5.8922e+08
3.09861e+08 6.5739e+07
5.78571e+08 5.32996e+08
1.50808e+08 1.61379e+08
4.68722e+08 2.21126e+08
1.17983e+08 -4.60929e+06
9.1502e+08 -5.5752e+08
-1.25812e+08 -1.62425e+08
1.73113e+08 3.67566e+08
-5.54458e+08 1.23715e+08
8.40778e+08 -5.31306e+08
-7.78392e+08 -4.41535e+08
1.05481e+08 -9.5037e+07
-1.19229e+08 3.08397e+08
8.32971e+08 -6.28275e+08
-3.02853e+08 -2.2967e+08
-6.93259e+08 7.81009e+08
8.64887e+08 9.98416e+08
-5.25584e+08 -8.56496e+08
-7.03253e+08 6.41731e+08
8.59356e+08 -2.88204e+08
9.24992e+08 5.93903e+08
-2.93015e+08 7.01906e+08
2.82011e+08 -1.07033e+08
-9.61488e+07 9.2424e+08
-4.13954e+08 3.3939e+08
6.0842e+08 -2.29233e+08
-7.142e+07 2.84543e+08
1.75562e+08 4.66452e+08
7.11293e+08 8.34866e+07
9.18839e+08 -4.37729e+08
-8.66486e+08 -2.31293e+08
9.28186e+08 5.27867e+08
-6.06216e+08 9.59411e+08
4.04835e+08 5.98472e+08
-8.92262e+08 4.45315e+08
-3.27474e+07 5.89853e+08
4.32115e+08 -6.47162e+08
8.3744e+08 1.55413e+08
-2.28548e+08 -5.44587e+08
5.67078e+08 9.41405e+08
4.71041e+08 2.19727e+08
9.00672e+08 4.23143e+08
-8.70547e+07 -3.56692e+08
-6.22589e+08 7.47362e+08
4.45778e+08 9.56158e+08
-8.49593e+08 -3.70552e+08
-1.87075e+08 9.25085e+08
1.81573e+08 3.60168e+08
-4.58275e+08 -4.85023e+08
-3.14457e+08 -8.32006e+08
8.79031e+08 -1.89678e+08
-5.98997e+08 -3.12372e+08
-6.08422e+08 -4.88321e+08
5.15192e+08 -5.23956e+08
3.97687e+08 1.86731e+08
-7.09834e+08 5.27417e+08
7.05745e+08 9.11975e+08
9.17999e+08 4.12742e+08
-4.17311e+08 -9.24177e+08
-2.19539e+08 4.66253e+08
8.81277e+08 -7.72919e+08
8.44839e+07 -5.04526e+07
-9.08543e+08 3.01355e+08
7.45159e+08 -7.62948e+07
4.65314e+07 -6.4442e+08
-7.57763e+08 2.27696e+08
4.3282e+08 -4.24993e+08
-1.09899e+06 9.16119e+08
-9.33353e+08 -5.28373e+08
-7.93893e+08 6.43985e+08
9.84487e+08 -6.80542e+08
5.03802e+08 -4.25242e+08
-3.42511e+08 8.59696e+08
4.25046e+08 6.24149e+08
-9.04771e+07 -3.45475e+08
-7.23386e+08 2.50756e+08
3.5967e+08 8.60795e+08
-7.49692e+08 4.74121e+08
9.308e+07 -8.53398e+07
5.05837e+08 2.14551e+08
-7.94491e+08 -1.61687e+08
9.9134e+08 5.3511e+08
5.25161e+08 8.44412e+08
4.58771e+08 6.95969e+08
-1.97833e+08 -1.99711e+08
9.14064e+08 5.14987e+08
-5.73691e+07 -2.08067e+07
-9.66818e+08 -5.40533e+08
-5.73956e+07 -4.12403e+08
9.63632e+08 -7.68956e+08
1.1116e+07 -9.80175e+08
-4.54963e+08 -5.51138e+08
2.10179e+08 7.74438e+08
1.32887e+08 2.88205e+08
-4.40153e+08 -3.82267e+08
-1.98953e+06 1.37119e+08
9.26578e+07 -4.79907e+08
-7.08053e+08 -2.63255e+08
5.68239e+08 1.92266e+08
-6.36254e+08 -5.33565e+08
8.08384e+08 -2.07624e+08
7.07402e+08 9.54942e+08
-2.84265e+08 -9.74165e+08
4.55577e+08 -2.91237e+07
7.74844e+08 -6.61542e+08
-5.13505e+08 -5.67165e+07
-7.28448e+08 -2.79332e+08
-9.68873e+08 6.03561e+08
-7.98592e+08 1.91716e+08
-4.75537e+08 -9.3997e+08
-7.8061e+08 3.9843e+08
7.82125e+08 -8.90645e+08
-4.37127e+08 -2.03137e+08
9.57365e+08 -1.14664e+08
6.49722e+08 -4.3776e+08
-6.36606e+07 6.51723e+08
5.37384e+08 -5.22868e+08
-4.94565e+08 9.6946e+07
8.7603e+08 -7.60144e+08
5.44124e+08 4.75201e+08
7.01551e+08 7.78401e+08
7.66851e+08 8.01832e+08
9.6141e+08 -3.35141e+08
8.58023e+08 8.95121e+08
2.96365e+08 3.29181e+08
-2.82883e+08 4.90608e+08
2.05122e+08 5.72638e+08
-6.92973e+08 6.29185e+08
4.46763e+08 9.18906e+07
-4.80567e+08 -8.04652e+08
-3.03334e+07 -7.10757e+08
5.23546e+08 8.49118e+08
6.40643e+08 -3.39082e+08
-7.07991e+08 -9.84173e+08
3.27316e+08 -6.24776e+08
4.33109e+08 1.50866e+08
-5.9965e+07 5.35078e+08
9.62132e+08 -7.42812e+08
1.01037e+08 -3.73554e+08
-9.44089e+08 -9.41307e+08
1.55244e+08 -8.34169e+08
-9.12143e+08 -6.54243e+08
-8.02706e+07 1.53532e+06
8.30533e+08 -1.60662e+08
-7.84442e+08 -5.38168e+08
8.90817e+08 1.90304e+08
-2.89315e+08 7.85423e+08
-3.98852e+08 7.62189e+08
-7.57733e+08 8.76459e+08
8.75373e+08 -3.0946e+08
-9.64902e+08 -2.93917e+08
-6.38378e+08 -4.67866e+08
2.51366e+08 -1.13804e+08
4.72625e+08 2.74074e+08
-3.98886e+08 -3.52247e+08
5.96293e+08 6.43261e+07
-7.45239e+08 1.73446e+08
-7.24042e+08 7.37416e+08
-7.4146e+08 3.38816e+08
7.93621e+08 -8.03753e+08
6.04644e+07 9.16182e+08
-4.44114e+08 -4.37864e+08
-5.98952e+07 8.95407e+08
6.02027e+08 -4.57629e+08
-5.36829e+08 -6.02767e+08
-1.40549e+08 6.15811e+08
-6.95396e+08 2.34119e+08
-5.54192e+07 2.92642e+08
-1.9303e+08 5.19644e+08
-3.57985e+08 4.44335e+08
9.19317e+08 1.58483e+08
2.69121e+08 4.96024e+07
-2.80992e+07 -6.62906e+08
3.75098e+08 2.12344e+08
1.05772e+08 -3.87146e+08
-2.11017e+08 -1.33612e+08
3.1497e+08 4.51787e+08
-3.74093e+08 2.29473e+08
-2.59251e+08 -2.95767e+07
-8.36165e+08 1.57355e+08
7.92884e+08 9.06811e+08
-3.3073e+08 -6.59748e+08
9.53281e+08 5.9341e+08
-4.13647e+08 -9.9102e+08
-4.71591e+08 9.09891e+08
-5.14664e+07 -4.11372e+08
-3.15215e+08 -5.41606e+08
1.30609e+08 -5.65666e+08
3.91783e+08 -5.44738e+07
-6.8198e+08 9.76813e+08
-2.0454e+08 -2.21121e+08
-1.14293e+08 -5.64858e+08
9.25655e+08 -1.51002e+08
1.72327e+08 -3.21558e+08
-3.88846e+07 8.08181e+08
-6.64773e+08 5.86803e+08
-7.57272e+07 -4.86118e+08
3.7294e+08 -5.11335e+08
-6.93251e+08 -3.39688e+08
-4.14234e+08 4.6074e+08
5.32009e+08 -7.88336e+08
5.3576e+08 -4.86863e+08
-5.46888e+08 4.11505e+08
7.47505e+08 2.14483e+08
8.78261e+08 3.30853e+08
7.09291e+08 4.12444e+07
7.71441e+08 -7.69704e+08
-2.27198e+08 -4.21179e+08
-7.01528e+08 -7.01172e+08
-1.14271e+08 -1.15129e+08
8.21423e+08 8.82181e+08
-9.61847e+08 -4.81731e+08
-9.83108e+08 7.62825e+08
6.42204e+07 -6.77731e+08
6.60946e+08 -8.56517e+08
7.0725e+08 -9.67682e+08
-9.02193e+07 -2.92066e+08
2.97997e+08 1.00432e+08
-2.92388e+08 9.72117e+08
-1.41312e+08 -3.06081e+07
2.57621e+08 -8.01679e+08
7.62841e+08 1.32005e+08
3.51378e+08 8.45279e+08
2.84682e+08 -8.56531e+08
-8.32843e+08 1.36463e+08
-7.6667e+08 -9.14231e+08
-2.32676e+08 9.56225e+08
9.94205e+07 7.69624e+08
-9.42888e+07 8.61311e+08
-9.40171e+08 4.389e+08
9.10716e+08 -6.08665e+07
-4.9229e+08 3.03008e+08
-2.36052e+08 -3.22915e+08
-2.85224e+08 -1.76661e+08
-9.82096e+07 -6.66591e+08
3.52548e+08 6.80396e+08
4.68584e+08 -1.60829e+08
-6.67727e+08 4.23638e+08
-8.94682e+08 3.89274e+06
8.99592e+08 -2.97009e+08
4.67348e+08 8.69413e+08
-7.67658e+08 2.18302e+08
1.26298e+08 -1.28344e+07
2.21078e+07 -2.02425e+08
-7.28614e+08 -5.79758e+08
-8.87257e+08 6.62209e+08
-9.69589e+08 -5.45629e+08
6.8492e+08 8.32047e+08
-3.53044e+08 3.65511e+08
-9.47013e+08 8.77343e+08
-5.76487e+08 -6.99817e+08
-8.16528e+08 3.37762e+08
-3.35525e+08 5.37873e+07
9.65487e+08 -7.49832e+08
1.38532e+08 -4.17238e+08
1.21241e+08 7.39434e+08
3.46799e+08 8.81941e+08
4.86625e+08 2.0574e+07
-7.22546e+08 -7.92479e+08
-3.6077e+08 -2.88629e+08
6.4145e+08 7.1955e+06
4.16486e+07 9.94359e+08
2.67912e+08 1.66284e+08
6.56534e+08 -6.95895e+08
7.2166e+08 -4.68583e+08
-4.1661e+08 3.54302e+08
-7.57677e+08 -6.41134e+08
9.40216e+08 2.53653e+08
-4.92056e+08 7.99493e+08
-3.00884e+08 -6.90553e+08
9.60644e+08 -7.68301e+08
1.45992e+08 5.00149e+08
8.62785e+08 -7.79938e+08
5.56105e+07 -7.34965e+08
5.44095e+08 -5.91415e+08
-5.46589e+08 9.96888e+08
6.90381e+08 3.01076e+08
2.81036e+08 1.96132e+08
9.04212e+08 7.175e+08
2.21444e+08 -7.26742e+08
-2.62478e+08 9.23109e+08
-7.56924e+08 -8.01673e+08
-9.38075e+08 2.4497e+08
-3.69619e+08 8.05453e+08
9.42309e+08 -4.70688e+08
7.32906e+08 -2.70641e+08
-4.92785e+08 1.93776e+08
8.25341e+08 -7.2978e+08
-4.98516e+08 -9.25911e+08
-3.95544e+08 4.24417e+08
-7.94531e+08 -4.01667e+08
1.05931e+08 5.82257e+08
9.78411e+08 -1.47653e+08
4.35641e+07 7.45843e+08
-6.28413e+07 -5.72279e+08
7.78941e+08 4.58719e+08
-2.46115e+08 -2.47499e+07
-5.96324e+08 -9.09109e+08
-3.53419e+08 2.68168e+08
-4.3456e+08 9.7053e+08
-7.97364e+08 2.90093e+08
9.23979e+07 -9.93597e+08
6.80769e+08 -1.85063e+08
2.84684e+07 4.50737e+08
4.46747e+08 5.94523e+08
-7.71318e+08 9.30767e+08
7.40373e+08 7.70264e+08
3.02272e+08 -4.21254e+08
4.08108e+08 5.46482e+08
-5.41508e+08 7.10583e+08
-1.8763e+07 -5.34351e+08
9.32828e+08 8.45184e+08
4.33075e+08 8.08315e+07
-2.65809e+08 7.64543e+08
5.46957e+08 5.3447e+08
1.36775e+07 -9.18098e+08
1.16402e+08 6.95884e+08
1.45103e+07 4.83813e+08
-5.44825e+07 1.19429e+08
-9.07721e+08 -3.7924e+08
7.96372e+08 -3.82497e+08
-9.28766e+07 1.39354e+08
5.30926e+08 -5.03737e+08
-8.54644e+08 7.19479e+08
4.28373e+08 5.42762e+08
-6.58361e+08 -5.5112e+07
-8.80843e+07 6.74582e+06
8.36586e+08 9.83376e+08
-9.36708e+08 -6.31333e+08
6.81114e+08 -8.24856e+08
9.51024e+08 4.08824e+08
-9.77216e+08 3.96002e+08
-3.8276e+08 2.90234e+06
-7.20585e+08 2.07024e+08
-5.73189e+08 -4.34349e+08
3.92116e+08 -6.0238e+08
-4.2242e+08 -8.26229e+08
2.00783e+08 -5.20216e+08
7.63098e+08 1.82735e+08
-5.56488e+08 -9.85426e+08
-7.66516e+08 -5.38939e+08
1.05024e+08 -6.13903e+08
3.65406e+08 -8.22445e+08
-2.00536e+08 -5.26824e+08
6.05722e+08 -7.44094e+08
-7.58799e+08 5.63041e+08
-2.96427e+08 5.74482e+08
3.29388e+08 -8.23579e+08
9.42098e+08 8.60934e+08
6.03695e+08 6.76747e+08
2.4104e+08 8.40113e+08
-1.68425e+08 7.86848e+08
-8.34514e+07 5.63562e+08
-4.88006e+07 3.94433e+08
-1.34723e+08 -2.37605e+08
3.04058e+08 5.63554e+08
-8.3709e+08 -4.7182e+08
1.7729e+08 -4.12225e+08
1.62035e+08 9.86788e+08
7.70205e+08 1.55343e+08
-8.63399e+08 6.45724e+08
9.03265e+08 -7.44432e+08
2.3798e+08 -7.03504e+08
-7.7736e+08 -2.66101e+08
-4.94086e+08 4.71971e+08
-5.47603e+08 6.92625e+08
-5.1889e+08 3.18836e+08
-6.50485e+08 1.63713e+08
7.60421e+06 1.42761e+08
-2.30123e+08 8.60611e+08
-3.78984e+08 8.16253e+08
4.94199e+08 -2.67222e+08
-8.28054e+07 7.45594e+08
-6.39059e+08 -6.91464e+08
1.34757e+08 9.63354e+08
-251852 2.30411e+08
2.51629e+08 3.79948e+08
3.47605e+08 7.50564e+08
-1.34008e+08 8.94007e+08
5.56461e+08 -4.51551e+08
-4.21316e+08 -2.02845e+08
9.41695e+08 -9.5318e+08
-8.39411e+08 -1.30128e+08
1.93367e+08 8.80281e+08
5.88862e+08 -9.23652e+08
-8.05723e+08 -6.91273e+08
5.93201e+08 -3.3847e+08
5.97867e+08 -9.90593e+08
1.2141e+08 2.58879e+08
3.29643e+07 6.42973e+08
-2.48246e+08 2.15874e+08
-7.69845e+08 5.33002e+08
-7.46533e+08 5.13642e+08
-3.65667e+08 -9.70708e+08
-1.01938e+08 4.31183e+08
8.02371e+08 5.25079e+08
9.8664e+07 -2.8626e+08
1.16611e+08 7.70045e+08
7.24758e+08 -9.80625e+08
3.4705e+08 -6.93737e+08
6.07526e+08 6.90026e+08
7.27015e+08 -4.18813e+08
2.99021e+08 -8.0701e+08
9.48856e+08 -1.81157e+08
9.00321e+07 7.72658e+06
2.71936e+08 -8.43684e+08
-8.20142e+08 -8.44502e+08
-6.31869e+08 -1.94586e+08
-2.06466e+08 -3.77249e+08
5.36472e+08 6.88963e+08
-8.13402e+08 -7.42512e+08
-9.6343e+08 -7.27924e+08
-2.72595e+08 2.19983e+08
-4.08303e+07 9.44795e+08
-9.79344e+08 3.5555e+08
-6.4383e+08 -1.44249e+08
4.5958e+08 -8.84562e+08
-8.34993e+08 5.2871e+08
-1.86851e+08 7.69407e+08
-7.17783e+07 3.74479e+08
4.61297e+08 4.81248e+06
7.47762e+08 2.18072e+08
-6.71911e+08 -7.68632e+07
-8.96616e+08 9.87939e+08
-8.85585e+08 -4.48678e+08
3.48333e+08 -4.88209e+08
6.62177e+08 -4.30335e+08
1.7146e+08 6.24862e+08
6.28583e+08 7.88474e+08
9.42108e+08 4.72252e+08
1.78828e+08 6.07599e+08
-5.32711e+08 -2.1606e+08
8.20855e+08 9.79102e+08
9.33362e+08 -2.62683e+08
-6.50205e+08 -4.28156e+08
-8.96876e+08 -9.84373e+08
-9.28896e+08 3.43007e+08
-7.10288e+08 -4.64596e+07
-1.57965e+08 8.34184e+08
8.75485e+08 6.52664e+08
5.63831e+08 6.7518e+08
8.60208e+08 1.32426e+08
-1.0478e+08 6.72957e+08
-1.32403e+08 -4.28911e+08
-1.55464e+07 -2.77337e+08
1.58702e+08 2.15278e+06
6.7126e+07 -9.16983e+08
-5.23665e+08 -3.38183e+08
-7.95635e+08 1.96993e+08
-6.61855e+08 -7.10051e+08
-2.51406e+07 -1.2607e+08
2.74153e+08 9.40062e+08
-9.1902e+08 -1.62374e+07
6.30092e+08 -3.03887e+08
-1.83583e+08 -7.75118e+08
5.61694e+07 -8.98193e+08
-3.95705e+08 3.34897e+08
4.99726e+08 -4.64321e+08
8.03834e+07 4.72133e+07
4.62371e+08 -2.20831e+08
-3.46212e+08 -7.60913e+08
-1.18245e+08 -3.59116e+08
-6.08108e+08 -6.74046e+08
-3.40327e+08 5.83033e+08
5.69281e+08 9.57261e+08
-1.6063e+08 7.74333e+08
8.67353e+08 -2.753e+08
-2.31057e+07 -3.20995e+08
-7.85151e+08 -1.95759e+08
9.26749e+08 6.4463e+08
5.23669e+08 -7.98147e+08
-9.78416e+08 -7.20066e+08
-2.22222e+08 8.42171e+08
-7.33279e+08 1.44966e+08
7.1601e+07 -6.78291e+08
5.85351e+08 -9.30273e+08
-8.42531e+08 6.91623e+08
-3.07837e+08 9.6816e+08
-5.27256e+08 8.00958e+08
1.47633e+08 -2.1323e+08
5.38715e+08 6.797e+08
-3.74784e+08 -4.62188e+07
3.51353e+08 3.96175e+08
-3.99318e+08 -8.14591e+08
-2.1779e+08 -3.10589e+08
-8.20765e+08 -2.13623e+08
1.42313e+08 9.92675e+08
5.14018e+08 -3.38817e+08
-1.68433e+08 -7.63684e+08
6.0937e+08 1.31618e+08
-5.36149e+07 -9.05903e+07
-5.34886e+08 -4.52322e+08
-3.52862e+08 -9.96436e+08
8.29367e+07 9.79825e+08
-3.43565e+08 -4.46424e+07
7.59647e+08 6.90662e+07
1.90448e+08 -2.83686e+08
-4.91948e+07 3.7401e+07
5.24822e+08 7.45941e+08
3.27285e+08 -1.00265e+08
6.89596e+08 -5.53997e+08
-2.97344e+08 -4.23338e+08
-1.46115e+08 4.88947e+08
-6.64652e+08 7.69757e+08
1.18784e+08 -1.5557e+08
-7.37502e+08 2.27488e+08
-3.64757e+08 4.61442e+08
9.52461e+08 -6.27316e+08
-9.26314e+08 -5.94715e+08
1.2933e+08 -7.37958e+08
-2.5791e+08 -6.10443e+08
4.56831e+08 -9.93516e+08
-9.19699e+08 4.63349e+08
9.37181e+08 1.81056e+08
-8.51733e+08 5.94834e+08
-9.46324e+08 -6.0002e+08
-5.1751e+07 1.97033e+08
-1.95318e+08 2.76675e+08
4.46542e+07 8.14586e+08
9.98853e+08 4.60387e+08
-8.25662e+08 -3.40224e+08
4.33883e+07 -4.75483e+08
7.4745e+08 -6.07052e+08
-5.91067e+08 8.09935e+08
3.38686e+08 2.33389e+08
4.13506e+08 -5.69223e+08
1.72732e+08 3.78731e+08
-4.8735e+08 6.80544e+08
1.08834e+08 4.75943e+06
7.22942e+08 -6.25316e+08
-9.61519e+08 5.41078e+08
-5.57216e+08 -7.73135e+08
-4.93332e+08 -6.85157e+08
-4.6988e+08 -8.2198e+08
-3.7466e+07 3.88295e+08
8.12746e+08 4.90844e+08
-7.82563e+08 7.03013e+07
