100
7.56387e+08 1.92487e+07
-8.88571e+08 -9.76816e+07
-9.60025e+08 -1.16578e+08
9.59173e+08 -2.81111e+08
-3.82129e+07 3.77322e+08
7.60952e+08 8.36471e+08
-5.66356e+08 1.30378e+08
7.30205e+08 1.79379e+07
8.33446e+08 8.42315e+08
-8.33775e+08 -4.44563e+08
-9.81287e+08 6.84684e+08
2.94348e+08 6.82772e+08
-4.7054e+08 -2.04358e+08
1.05643e+08 -6.70119e+08
-2.60384e+08 -7.07116e+08
1.39237e+08 4.07475e+08
-4.23047e+08 -1.33424e+08
5.12213e+08 -2.07803e+08
7.92077e+08 2.77842e+08
7.83109e+08 3.60111e+08
-1.01605e+08 9.57142e+08
-7.67596e+08 5.34047e+08
-1.7636e+08 3.50878e+08
-5.00407e+08 -3.73563e+08
9.30832e+08 1.7693e+08
3.19337e+08 6.64125e+07
-5.38934e+08 -2.10261e+08
2.37617e+08 -5.0265e+07
-5.97356e+07 4.32149e+08
-4.24018e+08 -2.33076e+08
4.9834e+08 7.56904e+08
-7.94273e+08 -8.15252e+08
-2.91907e+08 1.03633e+08
-9.3275e+08 9.37924e+08
-3.58006e+08 -5.57475e+08
-7.17472e+08 -8.0548e+08
9.68084e+08 -4.79318e+08
7.4045e+07 -1.04148e+08
-8.00862e+08 -2.95377e+08
-6.15017e+07 6.8228e+08
8.09295e+08 -9.24881e+08
1.66309e+07 -6.66305e+08
5.58102e+08 7.29867e+08
-1.77207e+08 -7.20055e+08
-9.33555e+08 9.6515e+08
-2.53418e+08 -1.59849e+08
-8.98824e+08 -2.69008e+08
-9.66744e+08 -5.38515e+08
5.29823e+08 8.88247e+08
4.99998e+08 -3.21192e+08
-2.09021e+07 -3.2203e+08
-6.41019e+08 -6.58027e+08
-7.3098e+07 7.49146e+08
8.8824e+08 2.16506e+08
1.93311e+08 5.67288e+08
52587.7 -8.9926e+08
3.98196e+08 9.84793e+08
-4.65475e+08 3.58181e+08
7.28563e+08 5.01688e+08
9.2898e+08 1.08485e+08
-5.75219e+08 -5.55114e+08
-5.62501e+08 1.39147e+08
-9.57819e+07 9.40473e+08
3.61089e+08 -8.29409e+08
-8.87163e+08 -2.43246e+07
7.62009e+08 9.52809e+08
2.35316e+08 8.49976e+07
7.09227e+08 4.87669e+08
-4.28073e+07 3.54163e+08
2.1409e+08 4.29394e+08
-6.10056e+07 -8.79708e+07
8.12836e+08 -7.25559e+08
-5.41561e+08 7.63171e+08
8.0885e+08 2.91569e+08
-3.50634e+08 3.94224e+07
-9.99889e+08 -3.7628e+08
-1.49097e+08 7.70675e+08
3.59759e+08 -8.77405e+07
-3.31828e+07 5.77479e+08
-5.41116e+08 7.60595e+08
-3.72615e+08 9.14902e+08
-5.64968e+07 4.23168e+08
-6.92611e+08 4.60884e+08
2.92529e+08 -5.70239e+08
-6.27084e+08 6.15161e+08
4.94159e+08 3.49695e+08
-4.46212e+08 -6.50182e+08
4.08949e+08 -7.36996e+07
6.80857e+08 -5.90268e+08
-6.70082e+08 -7.50334e+08
4.44161e+08 -9.39094e+08
4.93988e+08 -8.14808e+08
-5.65099e+08 4.98509e+08
4.63388e+08 -9.08771e+08
-5.81686e+08 -4.2617e+08
3.54527e+08 -8.73923e+08
1.11298e+08 -9.8152e+08
6.66076e+08 9.68659e+08
4.0699e+08 -6.36738e+08
2.47869e+07 1.60894e+08
